{
    "samples": [
        {
            "x": 1.4101016521453855,
            "y": 5.606069564819336,
            "heading": 3.494717369916088e-20,
            "angularVelocity": -3.5964446463938126e-18,
            "velocityX": 1.3090368302656958e-16,
            "velocityY": -1.2584037133828036e-16,
            "timestamp": 0
        },
        {
            "x": 1.3906108140945432,
            "y": 5.606069564819336,
            "heading": -1.3396214558906396e-19,
            "angularVelocity": -2.1125600382065367e-18,
            "velocityX": -0.24377320166302213,
            "velocityY": 7.212026382618778e-16,
            "timestamp": 0.07995480191372728
        },
        {
            "x": 1.3711199760437012,
            "y": 5.606069564819336,
            "heading": -1.9544981076416072e-28,
            "angularVelocity": 1.6754734186042778e-18,
            "velocityX": -0.24377320166302224,
            "velocityY": 8.470379633294688e-16,
            "timestamp": 0.15990960382745456
        },
        {
            "x": 1.3711199760437012,
            "y": 5.606069564819336,
            "heading": -9.740412351326463e-29,
            "angularVelocity": 8.024080058908812e-30,
            "velocityX": 1.5256370708524524e-27,
            "velocityY": -1.262944474214999e-26,
            "timestamp": 0.23986440574118184
        }
    ]
}